3 0.13671875 0.4361979166666667 0.091796875 0.4453125 0.0390625 0.46484375 0.02734375 0.4739583333333333 0.0234375 0.4817708333333333 0.025390625 0.515625 0.0361328125 0.5338541666666666 0.044921875 0.5403645833333334 0.056640625 0.5403645833333334 0.0703125 0.5325520833333334 0.0791015625 0.5169270833333334 0.0751953125 0.50390625 0.0771484375 0.5 0.10546875 0.4973958333333333 0.119140625 0.4895833333333333 0.1337890625 0.47265625 0.142578125 0.4453125 0.140625 0.4361979166666667
3 0.1845703125 0.5 0.140625 0.515625 0.111328125 0.5182291666666666 0.1015625 0.5260416666666666 0.11328125 0.53515625 0.15234375 0.5338541666666666 0.1796875 0.5182291666666666 0.189453125 0.5078125 0.189453125 0.5
3 0.36328125 0.4986979166666667 0.32421875 0.5091145833333334 0.3017578125 0.5078125 0.265625 0.5208333333333334 0.2431640625 0.5182291666666666 0.2412109375 0.5143229166666666 0.248046875 0.51171875 0.248046875 0.5065104166666666 0.244140625 0.50390625 0.23046875 0.5169270833333334 0.22265625 0.5182291666666666 0.216796875 0.5247395833333334 0.216796875 0.53125 0.203125 0.54296875 0.2099609375 0.5520833333333334 0.232421875 0.5625 0.25 0.5638020833333334 0.2802734375 0.55859375 0.2880859375 0.5651041666666666 0.2939453125 0.5572916666666666 0.2998046875 0.5598958333333334 0.3056640625 0.5494791666666666 0.3330078125 0.54296875 0.3642578125 0.5130208333333334 0.369140625 0.5052083333333334 0.369140625 0.4986979166666667
3 0.7470703125 0.6536458333333334 0.7373046875 0.66015625 0.740234375 0.6731770833333334 0.7685546875 0.703125 0.8310546875 0.73046875 0.837890625 0.7291666666666666 0.8408203125 0.734375 0.84765625 0.7265625 0.8662109375 0.7278645833333334 0.8994140625 0.71875 0.935546875 0.6953125 0.943359375 0.6848958333333334 0.9423828125 0.6809895833333334 0.9111328125 0.6953125 0.849609375 0.7005208333333334 0.779296875 0.68359375 0.7509765625 0.66796875 0.748046875 0.6536458333333334
0 0.15625 0.4739583333333333 0.1318359375 0.4791666666666667 0.103515625 0.5 0.080078125 0.5 0.0771484375 0.5052083333333334 0.0849609375 0.5143229166666666 0.1015625 0.51953125 0.1474609375 0.51953125 0.1611328125 0.51171875 0.1767578125 0.5104166666666666 0.181640625 0.5026041666666666 0.1923828125 0.5 0.1943359375 0.49609375 0.1953125 0.4869791666666667 0.1923828125 0.4817708333333333 0.1591796875 0.4739583333333333
0 0.27734375 0.46484375 0.251953125 0.4700520833333333 0.2275390625 0.4674479166666667 0.2197265625 0.4778645833333333 0.2138671875 0.4947916666666667 0.2216796875 0.5052083333333334 0.21875 0.5065104166666666 0.216796875 0.5026041666666666 0.2109375 0.5065104166666666 0.2080078125 0.5 0.2021484375 0.50390625 0.201171875 0.5260416666666666 0.2060546875 0.5247395833333334 0.2099609375 0.5286458333333334 0.20703125 0.5377604166666666 0.2119140625 0.5390625 0.2197265625 0.5299479166666666 0.2236328125 0.5130208333333334 0.23046875 0.5130208333333334 0.23046875 0.51953125 0.234375 0.515625 0.236328125 0.51953125 0.2626953125 0.5221354166666666 0.29296875 0.5078125 0.3447265625 0.5091145833333334 0.3427734375 0.5052083333333334 0.3486328125 0.4986979166666667 0.3603515625 0.4986979166666667 0.36328125 0.4908854166666667 0.3662109375 0.5026041666666666 0.369140625 0.5026041666666666 0.3720703125 0.4934895833333333 0.369140625 0.484375 0.345703125 0.47265625 0.2861328125 0.46484375
0 0.3798828125 0.6380208333333334 0.3564453125 0.6432291666666666 0.3349609375 0.66015625 0.3310546875 0.66796875 0.3330078125 0.6875 0.34375 0.69921875 0.3828125 0.7135416666666666 0.4189453125 0.7083333333333334 0.435546875 0.69921875 0.4453125 0.6875 0.447265625 0.6731770833333334 0.4423828125 0.6640625 0.412109375 0.64453125 0.38671875 0.6380208333333334
0 0.2158203125 0.6197916666666666 0.2021484375 0.6315104166666666 0.197265625 0.6458333333333334 0.19921875 0.6575520833333334 0.2275390625 0.66796875 0.2470703125 0.6614583333333334 0.251953125 0.65234375 0.2470703125 0.6328125 0.234375 0.62109375 0.2216796875 0.6197916666666666
0 0.1435546875 0.58203125 0.126953125 0.5963541666666666 0.12109375 0.6119791666666666 0.126953125 0.6197916666666666 0.15234375 0.6263020833333334 0.1630859375 0.6158854166666666 0.1640625 0.609375 0.158203125 0.5963541666666666 0.14453125 0.58203125
0 0.48046875 0.5989583333333334 0.4560546875 0.60546875 0.4443359375 0.6197916666666666 0.4453125 0.6328125 0.4599609375 0.6510416666666666 0.4912109375 0.66796875 0.5234375 0.66796875 0.541015625 0.6640625 0.5458984375 0.6575520833333334 0.5400390625 0.64453125 0.529296875 0.63671875 0.5068359375 0.6067708333333334 0.4873046875 0.5989583333333334
0 0.5914716796875 0.5846354166666666 0.57421875 0.5872395833333334 0.5546875 0.6028645833333334 0.548828125 0.6223958333333334 0.5556640625 0.6536458333333334 0.5673828125 0.6731770833333334 0.5908203125 0.6979166666666666 0.6298828125 0.7174479166666666 0.6611328125 0.7200520833333334 0.6904296875 0.70703125 0.724609375 0.6783854166666666 0.736328125 0.6510416666666666 0.7646484375 0.6341145833333334 0.7744140625 0.6223958333333334 0.76953125 0.6158854166666666 0.751953125 0.609375 0.7392578125 0.6171875 0.7353515625 0.6119791666666666 0.724609375 0.6119791666666666 0.697265625 0.5963541666666666 0.6748046875 0.58984375 0.6259765625 0.5924479166666666 0.5966796875 0.5846354166666666
0 0.764453125 0.54296875 0.744140625 0.54296875 0.69921875 0.5559895833333334 0.677734375 0.5677083333333334 0.6748046875 0.57421875 0.681640625 0.57421875 0.6748046875 0.5794270833333334 0.6728515625 0.5872395833333334 0.7021484375 0.5950520833333334 0.7060546875 0.58984375 0.720703125 0.5859375 0.736328125 0.5924479166666666 0.7587890625 0.609375 0.7783203125 0.6145833333333334 0.8076171875 0.6158854166666666 0.8310546875 0.6106770833333334 0.83203125 0.5924479166666666 0.8291015625 0.5794270833333334 0.81640625 0.5611979166666666 0.802734375 0.5520833333333334 0.76953125 0.54296875
0 0.828125 0.61328125 0.7822265625 0.6197916666666666 0.7705078125 0.6341145833333334 0.7412109375 0.6510416666666666 0.7392578125 0.6640625 0.7470703125 0.6653645833333334 0.751953125 0.6744791666666666 0.7646484375 0.6796875 0.78515625 0.6861979166666666 0.7900390625 0.68359375 0.7919921875 0.6888020833333334 0.8076171875 0.6940104166666666 0.8447265625 0.6979166666666666 0.84765625 0.7044270833333334 0.873046875 0.703125 0.8955078125 0.6940104166666666 0.912109375 0.6940104166666666 0.9248046875 0.7018229166666666 0.9345703125 0.6953125 0.9296875 0.6927083333333334 0.931640625 0.6875 0.9375 0.6875 0.947265625 0.6770833333333334 0.9462890625 0.66015625 0.9150390625 0.6328125 0.8916015625 0.6223958333333334 0.853515625 0.62109375 0.8310546875 0.61328125
2 0.298828125 0.5520833333333334 0.2822265625 0.5598958333333334 0.28125 0.6119791666666666 0.2783203125 0.6171875 0.271484375 0.6809895833333334 0.2783203125 0.6783854166666666 0.2744140625 0.671875 0.2783203125 0.6653645833333334 0.2861328125 0.6692708333333334 0.2919921875 0.66015625 0.2958984375 0.61328125 0.306640625 0.5950520833333334 0.30078125 0.5729166666666666 0.2998046875 0.5520833333333334
2 0.14208984375 0.53515625 0.1328125 0.5377604166666666 0.1328125 0.5520833333333334 0.126953125 0.56640625 0.13671875 0.578125 0.1474609375 0.57421875 0.1533203125 0.5651041666666666 0.1474609375 0.53515625
2 0.0908203125 0.5260416666666666 0.083984375 0.5299479166666666 0.076171875 0.5455729166666666 0.0771484375 0.5559895833333334 0.0712890625 0.57421875 0.0859375 0.5729166666666666 0.0888671875 0.5533854166666666 0.1005859375 0.5390625 0.1015625 0.5286458333333334 0.0927734375 0.5260416666666666
2 0.390625 0.7122395833333334 0.3857421875 0.71484375 0.384765625 0.7265625 0.3798828125 0.7369791666666666 0.384765625 0.74609375 0.3837890625 0.7734375 0.3779296875 0.7942708333333334 0.3798828125 0.7981770833333334 0.3896484375 0.7981770833333334 0.40234375 0.7786458333333334 0.3984375 0.7513020833333334 0.4052734375 0.7434895833333334 0.4052734375 0.73828125 0.3994140625 0.7135416666666666 0.3916015625 0.7135416666666666
2 0.4873046875 0.6666666666666666 0.4833984375 0.6953125 0.4892578125 0.7018229166666666 0.4921875 0.72265625 0.49609375 0.7239583333333334 0.501953125 0.7200520833333334 0.5009765625 0.6822916666666666 0.498046875 0.6705729166666666 0.4921875 0.6666666666666666
2 0.6669921875 0.7174479166666666 0.6484375 0.72265625 0.6455078125 0.74609375 0.6396484375 0.7630208333333334 0.6396484375 0.7682291666666666 0.6533203125 0.7825520833333334 0.669921875 0.78125 0.6748046875 0.7747395833333334 0.66796875 0.7174479166666666
2 0.82421875 0.7252604166666666 0.8173828125 0.75390625 0.810546875 0.765625 0.8115234375 0.7890625 0.802734375 0.8268229166666666 0.8037109375 0.8411458333333334 0.810546875 0.8528645833333334 0.8115234375 0.8658854166666666 0.8203125 0.8658854166666666 0.8203125 0.8580729166666666 0.8154296875 0.8515625 0.8203125 0.8528645833333334 0.818359375 0.8450520833333334 0.828125 0.8216145833333334 0.8330078125 0.7838541666666666 0.84375 0.7591145833333334 0.8427734375 0.7278645833333334 0.830078125 0.7252604166666666
2 0.7333984375 0.66796875 0.7294921875 0.6848958333333334 0.7314453125 0.6888020833333334 0.7265625 0.6953125 0.712890625 0.7395833333333334 0.716796875 0.7447916666666666 0.7314453125 0.7473958333333334 0.7392578125 0.7265625 0.744140625 0.6848958333333334 0.7353515625 0.66796875