2 0.4453125 0.4817708333333333 0.4423828125 0.4869791666666667 0.4345703125 0.5611979166666666 0.43359375 0.59375 0.4375 0.6341145833333334 0.453125 0.6796875 0.4658203125 0.7005208333333334 0.4736328125 0.7005208333333334 0.4931640625 0.7174479166666666 0.4951171875 0.7239583333333334 0.4892578125 0.7369791666666666 0.4970703125 0.7369791666666666 0.5 0.7408854166666666 0.4970703125 0.7447916666666666 0.501953125 0.74609375 0.501953125 0.71875 0.5048828125 0.71484375 0.5146484375 0.71484375 0.517578125 0.7109375 0.5166015625 0.7018229166666666 0.474609375 0.6341145833333334 0.4658203125 0.5950520833333334 0.46484375 0.5377604166666666 0.474609375 0.5052083333333334 0.4755859375 0.4895833333333333 0.4462890625 0.4817708333333333
2 0.2734375 0.22135416666666666 0.26953125 0.22916666666666666 0.2646484375 0.2265625 0.263671875 0.23307291666666666 0.2578125 0.234375 0.2568359375 0.24088541666666666 0.2451171875 0.2526041666666667 0.2392578125 0.24739583333333334 0.240234375 0.24479166666666666 0.2373046875 0.24609375 0.2392578125 0.2513020833333333 0.23046875 0.2552083333333333 0.2314453125 0.2591145833333333 0.2236328125 0.2565104166666667 0.21484375 0.26171875 0.216796875 0.265625 0.208984375 0.265625 0.2060546875 0.26953125 0.1953125 0.2669270833333333 0.185546875 0.28125 0.1875 0.2981770833333333 0.2216796875 0.3893229166666667 0.232421875 0.4375 0.23828125 0.5026041666666666 0.251953125 0.5846354166666666 0.2548828125 0.6432291666666666 0.2548828125 0.7135416666666666 0.251953125 0.7265625 0.2548828125 0.7330729166666666 0.2548828125 0.7643229166666666 0.2646484375 0.7786458333333334 0.2900390625 0.7890625 0.3046875 0.78125 0.314453125 0.73828125 0.3173828125 0.71875 0.3154296875 0.69921875 0.318359375 0.6888020833333334 0.318359375 0.6328125 0.3134765625 0.58203125 0.291015625 0.5533854166666666 0.29296875 0.5481770833333334 0.30078125 0.5455729166666666 0.30078125 0.5364583333333334 0.2841796875 0.4817708333333333 0.2783203125 0.4401041666666667 0.27734375 0.375 0.2822265625 0.28125 0.2783203125 0.24479166666666666 0.2744140625 0.24088541666666666 0.275390625 0.23697916666666666 0.2724609375 0.23828125 0.2685546875 0.23307291666666666 0.2705078125 0.22916666666666666 0.275390625 0.23046875 0.2763671875 0.22135416666666666
2 0.388671875 0.3033854166666667 0.3759765625 0.30859375 0.376953125 0.4322916666666667 0.3671875 0.5104166666666666 0.3564453125 0.5625 0.3525390625 0.6106770833333334 0.359375 0.7330729166666666 0.3671875 0.7473958333333334 0.3759765625 0.8098958333333334 0.388671875 0.8033854166666666 0.4111328125 0.8033854166666666 0.4228515625 0.765625 0.4169921875 0.7578125 0.4189453125 0.7513020833333334 0.4248046875 0.7513020833333334 0.4169921875 0.7486979166666666 0.4169921875 0.73828125 0.4248046875 0.734375 0.419921875 0.7057291666666666 0.4326171875 0.6861979166666666 0.431640625 0.66796875 0.42578125 0.6471354166666666 0.4248046875 0.59375 0.4375 0.5260416666666666 0.4365234375 0.4934895833333333 0.4296875 0.4908854166666667 0.4306640625 0.484375 0.435546875 0.48046875 0.4287109375 0.4700520833333333 0.427734375 0.4557291666666667 0.431640625 0.4466145833333333 0.4462890625 0.4453125 0.44921875 0.4401041666666667 0.4482421875 0.4153645833333333 0.435546875 0.3580729166666667 0.4423828125 0.3125 0.3916015625 0.3033854166666667
2 0.3203125 0.58984375 0.3232421875 0.69921875 0.3193359375 0.734375 0.310546875 0.76171875 0.3095703125 0.7747395833333334 0.3125 0.7799479166666666 0.3447265625 0.7760416666666666 0.34765625 0.75 0.3564453125 0.7395833333333334 0.3525390625 0.6315104166666666 0.3251953125 0.58984375
2 0.337890625 0.14453125 0.3310546875 0.14713541666666666 0.326171875 0.15494791666666666 0.3212890625 0.19270833333333334 0.3251953125 0.3138020833333333 0.3193359375 0.3450520833333333 0.3173828125 0.3815104166666667 0.3173828125 0.4752604166666667 0.3125 0.5638020833333334 0.35546875 0.6158854166666666 0.3525390625 0.6106770833333334 0.353515625 0.5768229166666666 0.361328125 0.5286458333333334 0.369140625 0.4388020833333333 0.373046875 0.3671875 0.373046875 0.3411458333333333 0.369140625 0.3346354166666667 0.373046875 0.3190104166666667 0.3564453125 0.296875 0.3515625 0.2825520833333333 0.3505859375 0.265625 0.361328125 0.2630208333333333 0.3701171875 0.2669270833333333 0.392578125 0.25390625 0.40625 0.22265625 0.408203125 0.19661458333333334 0.404296875 0.18880208333333334 0.4072265625 0.17447916666666666 0.3525390625 0.15494791666666666 0.3427734375 0.14453125
2 0.515625 0.3541666666666667 0.5107421875 0.35546875 0.5146484375 0.3580729166666667 0.51171875 0.3606770833333333 0.5068359375 0.4036458333333333 0.498046875 0.4375 0.4990234375 0.4700520833333333 0.4873046875 0.4934895833333333 0.4765625 0.5442708333333334 0.4765625 0.5638020833333334 0.4853515625 0.6080729166666666 0.4912109375 0.6223958333333334 0.5 0.62890625 0.5078125 0.625 0.5166015625 0.60546875 0.51171875 0.5533854166666666 0.5126953125 0.5286458333333334 0.529296875 0.4765625 0.53515625 0.4479166666666667 0.537109375 0.4153645833333333 0.541015625 0.3958333333333333 0.548828125 0.37890625 0.54296875 0.3645833333333333 0.5419921875 0.3684895833333333 0.5361328125 0.3697916666666667 0.5263671875 0.3619791666666667 0.5166015625 0.3606770833333333 0.5166015625 0.35546875
2 0.591796875 0.2799479166666667 0.576171875 0.29296875 0.5693359375 0.31640625 0.5634765625 0.3658854166666667 0.5615234375 0.4309895833333333 0.5537109375 0.4518229166666667 0.5517578125 0.4700520833333333 0.552734375 0.5299479166666666 0.5576171875 0.52734375 0.5673828125 0.5104166666666666 0.568359375 0.4947916666666667 0.572265625 0.48828125 0.5751953125 0.4869791666666667 0.5791015625 0.4921875 0.57421875 0.5013020833333334 0.5732421875 0.5130208333333334 0.576171875 0.53125 0.591796875 0.5169270833333334 0.5908203125 0.5065104166666666 0.5986328125 0.5013020833333334 0.6015625 0.48828125 0.5908203125 0.4778645833333333 0.5849609375 0.4661458333333333 0.58984375 0.4518229166666667 0.6005859375 0.4388020833333333 0.603515625 0.40234375 0.599609375 0.38671875 0.599609375 0.3385416666666667 0.6025390625 0.3125 0.609375 0.29296875 0.60546875 0.2903645833333333 0.6005859375 0.2981770833333333 0.5927734375 0.28125
2 0.619140625 0.4973958333333333 0.6103515625 0.5026041666666666 0.609375 0.5247395833333334 0.6064453125 0.5299479166666666 0.6015625 0.6028645833333334 0.6005859375 0.6953125 0.6162109375 0.7083333333333334 0.623046875 0.7252604166666666 0.626953125 0.7278645833333334 0.63671875 0.72265625 0.638671875 0.7174479166666666 0.6337890625 0.6197916666666666 0.62890625 0.58203125 0.62890625 0.546875 0.63671875 0.52734375 0.638671875 0.5104166666666666 0.62890625 0.5078125 0.6201171875 0.4986979166666667
2 0.603515625 0.4817708333333333 0.60546875 0.4869791666666667 0.599609375 0.50390625 0.6015625 0.51171875 0.6064453125 0.5091145833333334 0.6103515625 0.4986979166666667 0.6103515625 0.48828125 0.60546875 0.4817708333333333
2 0.57421875 0.6171875 0.5703125 0.6328125 0.5712890625 0.671875 0.578125 0.6640625 0.578125 0.6223958333333334
2 0.60546875 0.5182291666666666 0.58984375 0.53515625 0.578125 0.5794270833333334 0.57421875 0.61328125 0.5869140625 0.60546875 0.595703125 0.6080729166666666 0.6005859375 0.59765625 0.60546875 0.5520833333333334 0.6044921875 0.53515625 0.6083984375 0.5182291666666666
2 0.642578125 0.3828125 0.6396484375 0.3854166666666667 0.6376953125 0.4036458333333333 0.6162109375 0.4557291666666667 0.63671875 0.47265625 0.640625 0.47265625 0.6591796875 0.4518229166666667 0.658203125 0.4453125 0.6650390625 0.4322916666666667 0.6650390625 0.4244791666666667 0.6787109375 0.3971354166666667 0.67578125 0.390625 0.66796875 0.38671875 0.6455078125 0.3828125
2 0.5537109375 0.3697916666666667 0.5498046875 0.3723958333333333 0.548828125 0.3828125 0.541015625 0.4010416666666667 0.5322265625 0.4635416666666667 0.533203125 0.4778645833333333 0.521484375 0.4986979166666667 0.5146484375 0.52734375 0.517578125 0.5390625 0.5244140625 0.5442708333333334 0.52734375 0.54296875 0.525390625 0.5325520833333334 0.5283203125 0.5130208333333334 0.53125 0.5169270833333334 0.5341796875 0.5130208333333334 0.5341796875 0.48046875 0.537109375 0.4778645833333333 0.5439453125 0.4375 0.5576171875 0.40625 0.5556640625 0.3958333333333333 0.5615234375 0.375 0.560546875 0.3697916666666667 0.5546875 0.3697916666666667
2 0.5595703125 0.2565104166666667 0.54296875 0.3020833333333333 0.5400390625 0.30078125 0.5390625 0.29296875 0.5419921875 0.3059895833333333 0.53125 0.3333333333333333 0.53125 0.3424479166666667 0.5556640625 0.3515625 0.560546875 0.3580729166666667 0.564453125 0.3541666666666667 0.568359375 0.2916666666666667 0.568359375 0.2864583333333333 0.5615234375 0.2760416666666667 0.5654296875 0.2643229166666667 0.560546875 0.2565104166666667
0 0.4443359375 0.23958333333333334 0.4228515625 0.2513020833333333 0.4033203125 0.2526041666666667 0.3671875 0.2708333333333333 0.3583984375 0.26953125 0.359375 0.265625 0.35546875 0.2643229166666667 0.3525390625 0.265625 0.3525390625 0.2786458333333333 0.3603515625 0.2994791666666667 0.365234375 0.3046875 0.3759765625 0.3046875 0.390625 0.2981770833333333 0.4111328125 0.3046875 0.4443359375 0.3072916666666667 0.46484375 0.2903645833333333 0.4609375 0.2526041666666667 0.4521484375 0.23958333333333334
0 0.265625 0.19010416666666666 0.2607421875 0.20442708333333334 0.25390625 0.203125 0.2109375 0.23828125 0.1728515625 0.24739583333333334 0.1748046875 0.2643229166666667 0.1826171875 0.2682291666666667 0.1884765625 0.2578125 0.1953125 0.2578125 0.1953125 0.25390625 0.2001953125 0.25390625 0.197265625 0.2578125 0.2060546875 0.2604166666666667 0.2197265625 0.2578125 0.2197265625 0.25390625 0.2333984375 0.2513020833333333 0.2412109375 0.23958333333333334 0.244140625 0.24869791666666666 0.2470703125 0.24739583333333334 0.2568359375 0.22916666666666666 0.2763671875 0.20963541666666666 0.275390625 0.1953125 0.2705078125 0.19010416666666666
0 0.4365234375 0.4453125 0.4306640625 0.4505208333333333 0.4296875 0.4674479166666667 0.4501953125 0.4817708333333333 0.4775390625 0.4856770833333333 0.490234375 0.48046875 0.4970703125 0.47265625 0.49609375 0.45703125 0.490234375 0.4518229166666667 0.4423828125 0.4453125
0 0.52685546875 0.3450520833333333 0.5078125 0.3463541666666667 0.50390625 0.3515625 0.5126953125 0.3606770833333333 0.5244140625 0.3658854166666667 0.548828125 0.3697916666666667 0.5595703125 0.3645833333333333 0.55859375 0.35546875 0.533203125 0.3450520833333333
0 0.60546875 0.4557291666666667 0.6025390625 0.4596354166666667 0.6044921875 0.4765625 0.62109375 0.5013020833333334 0.6318359375 0.5091145833333334 0.650390625 0.5104166666666666 0.6533203125 0.5065104166666666 0.6328125 0.46875 0.6103515625 0.4557291666666667
0 0.6474609375 0.34765625 0.6298828125 0.3658854166666667 0.630859375 0.3736979166666667 0.63671875 0.3815104166666667 0.6650390625 0.3854166666666667 0.6884765625 0.40625 0.6982421875 0.4010416666666667 0.7001953125 0.37890625 0.697265625 0.3723958333333333 0.6484375 0.3489583333333333
0 0.5703125 0.2643229166666667 0.5625 0.2747395833333333 0.5693359375 0.28515625 0.57421875 0.2864583333333333 0.58984375 0.27734375 0.6005859375 0.2760416666666667 0.60546875 0.2825520833333333 0.609375 0.2799479166666667 0.619140625 0.2981770833333333 0.623046875 0.2994791666666667 0.625 0.2955729166666667 0.623046875 0.28515625 0.60546875 0.2682291666666667 0.5732421875 0.2643229166666667