0 0.802734375 0.279296875 0.77734375 0.3076171875 0.7724609375 0.3173828125 0.796875 0.3125 0.8115234375 0.3017578125 0.8037109375 0.279296875
0 0.8095703125 0.3125 0.7890625 0.3193359375 0.7802734375 0.318359375 0.7734375 0.3251953125 0.765625 0.3251953125 0.7568359375 0.333984375 0.7548828125 0.3408203125 0.7998046875 0.3427734375 0.8125 0.326171875 0.814453125 0.3125
0 0.7373046875 0.21484375 0.7333984375 0.2236328125 0.7412109375 0.33203125 0.794921875 0.275390625 0.798828125 0.263671875 0.7724609375 0.23046875 0.7578125 0.220703125 0.73828125 0.21484375
0 0.6982421875 0.2177734375 0.693359375 0.22265625 0.66796875 0.2333984375 0.56640625 0.291015625 0.55859375 0.29296875 0.5546875 0.2998046875 0.5849609375 0.2998046875 0.6123046875 0.3076171875 0.63671875 0.3076171875 0.6943359375 0.3212890625 0.7060546875 0.3212890625 0.7080078125 0.2998046875 0.7021484375 0.2177734375
0 0.4814453125 0.12890625 0.44140625 0.1328125 0.4208984375 0.138671875 0.3916015625 0.150390625 0.3623046875 0.1669921875 0.3447265625 0.169921875 0.3203125 0.1796875 0.2978515625 0.1923828125 0.2890625 0.1982421875 0.2861328125 0.2041015625 0.2822265625 0.25390625 0.3076171875 0.2822265625 0.3232421875 0.2783203125 0.3486328125 0.2822265625 0.3671875 0.2802734375 0.3837890625 0.287109375 0.404296875 0.2900390625 0.4267578125 0.2890625 0.4716796875 0.3017578125 0.4873046875 0.30078125 0.6279296875 0.2275390625 0.6767578125 0.2060546875 0.685546875 0.1962890625 0.669921875 0.1845703125 0.6396484375 0.17578125 0.6162109375 0.162109375 0.59765625 0.1591796875 0.5810546875 0.1513671875 0.58203125 0.1474609375 0.5771484375 0.14453125 0.5703125 0.1474609375 0.55859375 0.146484375 0.509765625 0.130859375 0.484375 0.12890625
3 0.333984375 0.2802734375 0.3193359375 0.2822265625 0.318359375 0.2890625 0.3134765625 0.291015625 0.3173828125 0.2998046875 0.3349609375 0.3115234375 0.3759765625 0.322265625 0.4326171875 0.330078125 0.4814453125 0.3037109375 0.4345703125 0.291015625 0.4052734375 0.291015625 0.3818359375 0.2880859375 0.369140625 0.28125 0.34765625 0.283203125 0.3388671875 0.2802734375
3 0.552734375 0.30078125 0.5419921875 0.302734375 0.5 0.32421875 0.494140625 0.3310546875 0.5029296875 0.333984375 0.5576171875 0.3369140625 0.642578125 0.3583984375 0.7021484375 0.357421875 0.7109375 0.3505859375 0.7080078125 0.326171875 0.7021484375 0.322265625 0.63671875 0.30859375 0.61328125 0.30859375 0.58203125 0.3017578125 0.5595703125 0.30078125
2 0.3271484375 0.75390625 0.322265625 0.7646484375 0.32421875 0.791015625 0.3310546875 0.802734375 0.3447265625 0.802734375 0.3447265625 0.7890625 0.3525390625 0.7724609375 0.3544921875 0.7275390625
2 0.3486328125 0.4306640625 0.3291015625 0.4736328125 0.369140625 0.4794921875 0.3759765625 0.462890625 0.3642578125 0.45703125 0.380859375 0.4248046875 0.37890625 0.4130859375
2 0.3994140625 0.38671875 0.40234375 0.40625 0.4443359375 0.4423828125 0.46875 0.4580078125 0.51171875 0.4814453125 0.5478515625 0.4931640625 0.5712890625 0.5126953125 0.5810546875 0.5146484375 0.587890625 0.521484375 0.626953125 0.5390625 0.6376953125 0.5380859375 0.6396484375 0.529296875 0.6279296875 0.4443359375 0.6298828125 0.4091796875 0.6376953125 0.37109375 0.6357421875 0.359375 0.5654296875 0.33984375 0.4873046875 0.333984375 0.4140625 0.3662109375 0.40234375 0.3740234375
2 0.388671875 0.447265625 0.3798828125 0.4833984375 0.4072265625 0.48828125 0.5009765625 0.517578125 0.505859375 0.5126953125 0.509765625 0.5009765625 0.5078125 0.4873046875 0.48828125 0.4794921875 0.4462890625 0.4541015625 0.404296875 0.421875 0.3974609375 0.4248046875
2 0.2705078125 0.5830078125 0.2724609375 0.5966796875 0.279296875 0.5986328125 0.2841796875 0.5947265625 0.3046875 0.599609375 0.2919921875 0.6328125 0.2919921875 0.6474609375 0.2783203125 0.6533203125 0.26953125 0.6689453125 0.275390625 0.6767578125 0.283203125 0.677734375 0.2861328125 0.6884765625 0.3173828125 0.73828125 0.3203125 0.732421875 0.32421875 0.7333984375 0.361328125 0.701171875 0.3603515625 0.626953125 0.349609375 0.5517578125 0.365234375 0.494140625 0.345703125 0.4853515625 0.322265625 0.4853515625 0.294921875 0.51953125 0.2841796875 0.55078125 0.275390625 0.552734375 0.2724609375 0.5703125 0.275390625 0.5751953125
2 0.3623046875 0.5439453125 0.3623046875 0.548828125 0.373046875 0.556640625 0.3740234375 0.5693359375 0.3876953125 0.5810546875 0.388671875 0.587890625 0.38671875 0.59765625 0.365234375 0.59765625 0.369140625 0.6787109375 0.3740234375 0.6962890625 0.3701171875 0.712890625 0.3623046875 0.72265625 0.3583984375 0.75 0.3583984375 0.7763671875 0.3642578125 0.78125 0.369140625 0.78125 0.3720703125 0.7744140625 0.37890625 0.779296875 0.373046875 0.8046875 0.3798828125 0.81640625 0.380859375 0.8369140625 0.3857421875 0.845703125 0.3935546875 0.8486328125 0.453125 0.8447265625 0.4619140625 0.8359375 0.482421875 0.8271484375 0.494140625 0.830078125 0.546875 0.8115234375 0.595703125 0.787109375 0.63671875 0.7451171875 0.654296875 0.69921875 0.6669921875 0.6904296875 0.6728515625 0.671875 0.654296875 0.5830078125 0.642578125 0.5712890625 0.6484375 0.5615234375 0.6435546875 0.55078125 0.58984375 0.53125 0.583984375 0.525390625 0.5263671875 0.4990234375 0.5185546875 0.4990234375 0.515625 0.50390625 0.513671875 0.5244140625 0.505859375 0.5361328125 0.4912109375 0.5224609375 0.427734375 0.5009765625 0.40625 0.4990234375 0.390625 0.4931640625 0.3798828125 0.4931640625 0.3740234375 0.4990234375