0 0.9811197916666666 0.5361328125 0.984375 0.54541015625 0.9791666666666666 0.5634765625 0.9765625 0.58837890625 0.9778645833333334 0.63232421875 0.9876302083333334 0.654296875 0.9934895833333334 0.6611328125 0.9973958333333334 0.66162109375 0.9993489583333334 0.66064453125 0.9993489583333334 0.50634765625 0.9973958333333334 0.505859375 0.9973958333333334 0.49755859375 0.9947916666666666 0.49365234375 0.984375 0.50244140625 0.9856770833333334 0.52490234375
0 0.9251302083333334 0.859375 0.921875 0.8935546875 0.9186197916666666 0.89697265625 0.9212239583333334 0.90185546875 0.9322916666666666 0.892578125 0.9329427083333334 0.8896484375 0.9296875 0.88671875 0.931640625 0.8779296875 0.9388020833333334 0.8779296875 0.947265625 0.86376953125 0.955078125 0.86767578125 0.95703125 0.87158203125 0.9615885416666666 0.865234375 0.966796875 0.86669921875 0.9733072916666666 0.8623046875 0.97265625 0.85546875 0.9759114583333334 0.8525390625 0.9700520833333334 0.72607421875 0.9661458333333334 0.689453125 0.9622395833333334 0.69189453125 0.958984375 0.70166015625 0.9524739583333334 0.74658203125
0 0.6126302083333334 0.587890625 0.6080729166666666 0.59423828125 0.6106770833333334 0.72705078125 0.6145833333333334 0.73046875 0.6197916666666666 0.73095703125 0.6575520833333334 0.724609375 0.6595052083333334 0.71630859375 0.6471354166666666 0.625 0.640625 0.60400390625 0.6399739583333334 0.587890625 0.63671875 0.578125 0.6263020833333334 0.58056640625
0 0.8274739583333334 0.5 0.8307291666666666 0.5107421875 0.841796875 0.5224609375 0.880859375 0.55615234375 0.8990885416666666 0.57568359375 0.9075520833333334 0.5810546875 0.908203125 0.5849609375 0.9231770833333334 0.5986328125 0.9361979166666666 0.607421875 0.9498697916666666 0.62060546875 0.9557291666666666 0.6220703125 0.9609375 0.61376953125 0.958984375 0.505859375 0.962890625 0.47119140625 0.9622395833333334 0.4482421875 0.955078125 0.4453125 0.8717447916666666 0.4755859375
0 0.6516927083333334 0.572265625 0.6490885416666666 0.57470703125 0.6510416666666666 0.58544921875 0.6640625 0.63134765625 0.6653645833333334 0.66650390625 0.673828125 0.716796875 0.681640625 0.72216796875 0.6868489583333334 0.72216796875 0.7610677083333334 0.7138671875 0.7701822916666666 0.72314453125 0.7643229166666666 0.72705078125 0.7643229166666666 0.73046875 0.7682291666666666 0.734375 0.767578125 0.73779296875 0.775390625 0.74755859375 0.7936197916666666 0.7822265625 0.80078125 0.7861328125 0.8033854166666666 0.79052734375 0.8020833333333334 0.7998046875 0.8046875 0.80712890625 0.8098958333333334 0.810546875 0.810546875 0.81396484375 0.8177083333333334 0.8134765625 0.8203125 0.818359375 0.818359375 0.8310546875 0.8196614583333334 0.8486328125 0.82421875 0.86572265625 0.8450520833333334 0.91552734375 0.8502604166666666 0.9248046875 0.85546875 0.927734375 0.875 0.9267578125 0.876953125 0.92529296875 0.876953125 0.91455078125 0.869140625 0.904296875 0.869140625 0.90087890625 0.8763020833333334 0.896484375 0.8997395833333334 0.9033203125 0.9108072916666666 0.875 0.9381510416666666 0.76171875 0.953125 0.6669921875 0.94921875 0.66162109375 0.94140625 0.658203125 0.9361979166666666 0.6513671875 0.9173177083333334 0.64111328125 0.9075520833333334 0.63037109375 0.8990885416666666 0.62548828125 0.81640625 0.54345703125 0.8131510416666666 0.537109375 0.8079427083333334 0.5322265625 0.7994791666666666 0.52978515625 0.7936197916666666 0.5234375 0.7825520833333334 0.5224609375 0.712890625 0.5380859375 0.697265625 0.53955078125 0.6829427083333334 0.55126953125 0.6751302083333334 0.5537109375 0.6653645833333334 0.56640625
0 0.6770833333333334 0.73828125 0.6790364583333334 0.76611328125 0.69921875 0.82421875 0.7265625 0.876953125 0.7740885416666666 0.94970703125 0.7825520833333334 0.96044921875 0.7903645833333334 0.96240234375 0.8033854166666666 0.97412109375 0.8111979166666666 0.974609375 0.8385416666666666 0.96728515625 0.8470052083333334 0.9609375 0.841796875 0.9423828125 0.833984375 0.9375 0.8326822916666666 0.93017578125 0.8248697916666666 0.927734375 0.8151041666666666 0.9169921875 0.810546875 0.916015625 0.8014322916666666 0.908203125 0.8059895833333334 0.90478515625 0.8138020833333334 0.9072265625 0.818359375 0.90625 0.8216145833333334 0.9013671875 0.8190104166666666 0.8837890625 0.806640625 0.87109375 0.7890625 0.84130859375 0.7799479166666666 0.83544921875 0.7740885416666666 0.828125 0.7721354166666666 0.81982421875 0.7571614583333334 0.796875 0.7552083333333334 0.7890625 0.7578125 0.7861328125 0.7591145833333334 0.77587890625 0.7552083333333334 0.77392578125 0.7526041666666666 0.7626953125 0.7376302083333334 0.736328125 0.7337239583333334 0.73388671875 0.7311197916666666 0.72802734375 0.7259114583333334 0.7275390625 0.6822916666666666 0.7333984375
0 0.615234375 0.7470703125 0.615234375 0.787109375 0.619140625 0.833984375 0.6217447916666666 0.83837890625 0.625 0.8974609375 0.62890625 0.90625 0.6263020833333334 0.94384765625 0.6302083333333334 0.97705078125 0.6295572916666666 0.994140625 0.6328125 0.9970703125 0.6419270833333334 0.9970703125 0.6471354166666666 0.99951171875 0.6946614583333334 0.99951171875 0.7415364583333334 0.99169921875 0.7701822916666666 0.97998046875 0.7721354166666666 0.9697265625 0.767578125 0.96630859375 0.7506510416666666 0.9365234375 0.7330729166666666 0.9130859375 0.6946614583333334 0.84521484375 0.677734375 0.8037109375 0.662109375 0.73974609375 0.6438802083333334 0.73876953125 0.619140625 0.74365234375
0 0.2760416666666667 0.7412109375 0.271484375 0.74462890625 0.2747395833333333 0.75244140625 0.29296875 0.7587890625 0.2962239583333333 0.75634765625 0.3203125 0.75146484375 0.32421875 0.7548828125 0.328125 0.75390625 0.3313802083333333 0.75537109375 0.337890625 0.7509765625 0.359375 0.75244140625 0.4466145833333333 0.74365234375 0.5475260416666666 0.73828125 0.5885416666666666 0.7333984375 0.5983072916666666 0.73046875 0.591796875 0.60400390625 0.5885416666666666 0.6015625 0.57421875 0.60400390625 0.55859375 0.60986328125 0.5455729166666666 0.61767578125 0.54296875 0.61669921875 0.50390625 0.62939453125 0.4973958333333333 0.6298828125 0.4889322916666667 0.63525390625 0.4733072916666667 0.64013671875 0.337890625 0.7099609375 0.3157552083333333 0.72314453125
0 0.58984375 0.1533203125 0.6119791666666666 0.29443359375 0.609375 0.31201171875 0.6041666666666666 0.32275390625 0.6041666666666666 0.33447265625 0.607421875 0.3505859375 0.6067708333333334 0.37841796875 0.6158854166666666 0.40234375 0.6080729166666666 0.41455078125 0.607421875 0.4326171875 0.6119791666666666 0.466796875 0.61328125 0.46875 0.6184895833333334 0.46923828125 0.6510416666666666 0.4287109375 0.671875 0.39501953125 0.703125 0.3525390625 0.7109375 0.33740234375 0.716796875 0.33203125 0.740234375 0.29736328125 0.765625 0.2705078125 0.7916666666666666 0.2470703125 0.796875 0.2412109375 0.796875 0.23388671875 0.7447916666666666 0.19921875 0.7018229166666666 0.17919921875 0.662109375 0.1640625 0.6458333333333334 0.1650390625 0.6373697916666666 0.1611328125 0.6328125 0.16162109375 0.626953125 0.15625 0.595703125 0.15185546875
0 0.6295572916666666 0.50048828125 0.62890625 0.50537109375 0.6380208333333334 0.52734375 0.6471354166666666 0.5322265625 0.6575520833333334 0.52685546875 0.6796875 0.5224609375 0.71484375 0.5048828125 0.7298177083333334 0.50244140625 0.7376302083333334 0.50341796875 0.7604166666666666 0.4931640625 0.765625 0.48779296875 0.765625 0.47705078125 0.7604166666666666 0.4736328125 0.7604166666666666 0.47021484375 0.791015625 0.4599609375 0.8072916666666666 0.47509765625 0.8125 0.4765625 0.822265625 0.4755859375 0.8717447916666666 0.4609375 0.8997395833333334 0.44873046875 0.9225260416666666 0.44140625 0.9381510416666666 0.4404296875 0.9602864583333334 0.43359375 0.9661458333333334 0.427734375 0.966796875 0.4169921875 0.9641927083333334 0.412109375 0.9661458333333334 0.40771484375 0.9596354166666666 0.3935546875 0.9322916666666666 0.3662109375 0.9205729166666666 0.357421875 0.8795572916666666 0.30126953125 0.8430989583333334 0.26806640625 0.8138020833333334 0.248046875 0.8033854166666666 0.25 0.80078125 0.25244140625 0.775390625 0.28515625 0.7291666666666666 0.3349609375 0.6940104166666666 0.396484375 0.681640625 0.4130859375 0.6751302083333334 0.42724609375 0.66796875 0.4345703125 0.6341145833333334 0.48974609375
0 0.2994791666666667 0.7998046875 0.29296875 0.8125 0.29296875 0.8173828125 0.3118489583333333 0.857421875 0.3111979166666667 0.86328125 0.3170572916666667 0.88330078125 0.3326822916666667 0.90673828125 0.3821614583333333 0.9462890625 0.392578125 0.9501953125 0.404296875 0.96044921875 0.42578125 0.9736328125 0.4596354166666667 0.98681640625 0.46484375 0.99072265625 0.498046875 0.9931640625 0.521484375 0.99951171875 0.6067708333333334 0.99951171875 0.61328125 0.986328125 0.6087239583333334 0.95068359375 0.6119791666666666 0.93603515625 0.611328125 0.88427734375 0.5989583333333334 0.748046875 0.57421875 0.74951171875 0.5013020833333334 0.7607421875 0.4798177083333333 0.76611328125 0.462890625 0.7666015625 0.4485677083333333 0.771484375 0.333984375 0.7822265625 0.3203125 0.78564453125 0.3151041666666667 0.7900390625 0.310546875 0.7890625
0 0.09505208333333333 0.41064453125 0.09765625 0.4189453125 0.09830729166666667 0.43994140625 0.10026041666666667 0.4384765625 0.107421875 0.44140625 0.107421875 0.4462890625 0.09895833333333333 0.4560546875 0.099609375 0.46142578125 0.09309895833333333 0.47998046875 0.09440104166666667 0.529296875 0.099609375 0.533203125 0.1015625 0.5380859375 0.09830729166666667 0.5439453125 0.1015625 0.54443359375 0.11653645833333333 0.55859375 0.11002604166666667 0.56396484375 0.10677083333333333 0.5712890625 0.12239583333333333 0.6181640625 0.13216145833333334 0.6416015625 0.1640625 0.69970703125 0.17838541666666666 0.71826171875 0.181640625 0.71826171875 0.18229166666666666 0.70556640625 0.18619791666666666 0.69873046875 0.19270833333333334 0.6962890625 0.19205729166666666 0.6923828125 0.19661458333333334 0.68603515625 0.197265625 0.6796875 0.21875 0.6787109375 0.216796875 0.69287109375 0.22135416666666666 0.69775390625 0.22135416666666666 0.701171875 0.21875 0.70263671875 0.220703125 0.70556640625 0.21809895833333334 0.70947265625 0.21940104166666666 0.7109375 0.22721354166666666 0.7109375 0.22981770833333334 0.70849609375 0.23763020833333334 0.71044921875 0.240234375 0.7138671875 0.2623697916666667 0.71435546875 0.2688802083333333 0.712890625 0.3274739583333333 0.69384765625 0.3411458333333333 0.6865234375 0.3587239583333333 0.68310546875 0.505859375 0.60498046875 0.5475260416666666 0.5810546875 0.5481770833333334 0.57177734375 0.576171875 0.53466796875 0.591796875 0.509765625 0.5891927083333334 0.48779296875 0.578125 0.46923828125 0.578125 0.447265625 0.5592447916666666 0.42919921875 0.5559895833333334 0.421875 0.537109375 0.40087890625 0.52734375 0.375 0.5286458333333334 0.3623046875 0.533203125 0.3525390625 0.5436197916666666 0.34423828125 0.5514322916666666 0.34130859375 0.556640625 0.32861328125 0.5638020833333334 0.3212890625 0.5611979166666666 0.2568359375 0.5690104166666666 0.24560546875 0.5716145833333334 0.23388671875 0.5651041666666666 0.22119140625 0.5625 0.189208984375 0.564453125 0.17724609375 0.560546875 0.17138671875 0.556640625 0.17041015625 0.55078125 0.16064453125 0.5423177083333334 0.15283203125 0.5364583333333334 0.15087890625 0.4986979166666667 0.15380859375 0.4837239583333333 0.15673828125 0.4739583333333333 0.1630859375 0.470703125 0.16796875 0.4622395833333333 0.16748046875 0.458984375 0.16162109375 0.42578125 0.16552734375 0.4016927083333333 0.17138671875 0.390625 0.1826171875 0.3828125 0.18505859375 0.3763020833333333 0.1806640625 0.369140625 0.1796875 0.3548177083333333 0.18408203125 0.345703125 0.1845703125 0.3346354166666667 0.18896484375 0.244140625 0.24658203125 0.22200520833333334 0.26416015625 0.20638020833333334 0.271484375 0.18815104166666666 0.287109375 0.16796875 0.30859375 0.16276041666666666 0.3212890625 0.16731770833333334 0.3232421875 0.17838541666666666 0.3212890625 0.19205729166666666 0.3388671875 0.14388020833333334 0.35546875 0.13346354166666666 0.35595703125 0.10546875 0.38525390625