0 0.34483528645833333 0.705078125 0.337890625 0.705078125 0.330078125 0.70751953125 0.32421875 0.716796875 0.322265625 0.72607421875 0.32421875 0.75927734375 0.333984375 0.78271484375 0.3411458333333333 0.78515625 0.34765625 0.78466796875 0.3509114583333333 0.7822265625 0.3600260416666667 0.765625 0.3587239583333333 0.76171875 0.3639322916666667 0.75830078125 0.3626302083333333 0.7197265625 0.3548177083333333 0.708984375 0.3483072916666667 0.705078125
0 0.2936197916666667 0.74072265625 0.2858072916666667 0.7431640625 0.2799479166666667 0.748046875 0.2734375 0.76220703125 0.2734375 0.779296875 0.27734375 0.79150390625 0.283203125 0.80126953125 0.29296875 0.806640625 0.3072916666666667 0.80517578125 0.3157552083333333 0.7939453125 0.3190104166666667 0.78125 0.318359375 0.7666015625 0.314453125 0.7529296875 0.3072916666666667 0.744140625 0.296875 0.74072265625
0 0.2805989583333333 0.65185546875 0.2649739583333333 0.65380859375 0.2571614583333333 0.6611328125 0.2565104166666667 0.66796875 0.2584635416666667 0.67236328125 0.26171875 0.677734375 0.2682291666666667 0.6826171875 0.2799479166666667 0.68212890625 0.28125 0.6787109375 0.28515625 0.67724609375 0.3014322916666667 0.677734375 0.3138020833333333 0.671875 0.3157552083333333 0.66845703125 0.314453125 0.66455078125 0.3092447916666667 0.66015625 0.2923177083333333 0.6533203125 0.2845052083333333 0.65185546875
0 0.14171028645833333 0.6103515625 0.13216145833333334 0.61083984375 0.126953125 0.61474609375 0.12109375 0.626953125 0.12044270833333333 0.63916015625 0.123046875 0.64453125 0.130859375 0.64599609375 0.13671875 0.65185546875 0.14388020833333334 0.65478515625 0.15299479166666666 0.63037109375 0.15169270833333334 0.61572265625 0.14973958333333334 0.6123046875 0.14518229166666666 0.6103515625
0 0.3834635416666667 0.77587890625 0.3776041666666667 0.779296875 0.373046875 0.7861328125 0.3704427083333333 0.798828125 0.3723958333333333 0.81298828125 0.3834635416666667 0.82470703125 0.396484375 0.81005859375 0.3997395833333333 0.7998046875 0.3971354166666667 0.78076171875 0.3932291666666667 0.77734375 0.3880208333333333 0.77587890625
0 0.3658854166666667 0.732421875 0.36328125 0.736328125 0.3645833333333333 0.7529296875 0.3619791666666667 0.7548828125 0.3606770833333333 0.76318359375 0.3548177083333333 0.77490234375 0.3548177083333333 0.7841796875 0.361328125 0.78857421875 0.3626302083333333 0.796875 0.369140625 0.796875 0.369140625 0.7900390625 0.3802083333333333 0.7763671875 0.3821614583333333 0.75830078125 0.3815104166666667 0.74755859375 0.3782552083333333 0.74072265625 0.3665364583333333 0.732421875
2 0.306640625 0.80322265625 0.2962239583333333 0.8056640625 0.2936197916666667 0.8076171875 0.2962239583333333 0.83544921875 0.2975260416666667 0.83837890625 0.3040364583333333 0.841796875 0.3118489583333333 0.84228515625 0.3138020833333333 0.837890625 0.30859375 0.8203125 0.3072916666666667 0.8037109375
2 0.3450520833333333 0.7939453125 0.3404947916666667 0.8046875 0.33984375 0.82470703125 0.341796875 0.83056640625 0.3483072916666667 0.83349609375 0.3561197916666667 0.828125 0.3587239583333333 0.822265625 0.3580729166666667 0.80029296875 0.3509114583333333 0.7939453125
2 0.3313802083333333 0.7802734375 0.3235677083333333 0.80615234375 0.3235677083333333 0.818359375 0.328125 0.82958984375 0.3326822916666667 0.8291015625 0.3352864583333333 0.82470703125 0.3346354166666667 0.81396484375 0.3430989583333333 0.791015625 0.3424479166666667 0.787109375 0.3313802083333333 0.78076171875
0 0.6575520833333334 0.50830078125 0.6510416666666666 0.51123046875 0.6484375 0.52294921875 0.6477864583333334 0.53369140625 0.6510416666666666 0.54248046875 0.6549479166666666 0.54296875 0.654296875 0.546875 0.6575520833333334 0.54638671875 0.658203125 0.5390625 0.6614583333333334 0.537109375 0.6653645833333334 0.529296875 0.6647135416666666 0.51220703125 0.6614583333333334 0.50927734375 0.658203125 0.5087890625
0 0.6399739583333334 0.5 0.6334635416666666 0.50439453125 0.630859375 0.51904296875 0.640625 0.5390625 0.6438802083333334 0.5380859375 0.6471354166666666 0.533203125 0.6497395833333334 0.51318359375 0.6477864583333334 0.50341796875 0.6438802083333334 0.5
0 0.5494791666666666 0.7490234375 0.54296875 0.7509765625 0.5364583333333334 0.7568359375 0.5358072916666666 0.7705078125 0.54296875 0.7861328125 0.5494791666666666 0.7880859375 0.556640625 0.787109375 0.560546875 0.791015625 0.5651041666666666 0.78857421875 0.5696614583333334 0.78271484375 0.572265625 0.767578125 0.56640625 0.75537109375 0.5533854166666666 0.7490234375
2 0.552734375 0.78466796875 0.544921875 0.7861328125 0.54296875 0.78955078125 0.5462239583333334 0.79296875 0.5462239583333334 0.80322265625 0.5533854166666666 0.806640625 0.55859375 0.80517578125 0.560546875 0.796875 0.5598958333333334 0.7861328125 0.5553385416666666 0.78466796875