0 0.435546875 0.4479166666666667 0.4072265625 0.4661458333333333 0.3857421875 0.4739583333333333 0.3466796875 0.4661458333333333 0.31640625 0.4700520833333333 0.275390625 0.4661458333333333 0.2529296875 0.4830729166666667 0.24609375 0.4947916666666667 0.25 0.5533854166666666 0.259765625 0.5625 0.2705078125 0.5638020833333334 0.2939453125 0.58984375 0.3330078125 0.60546875 0.345703125 0.6041666666666666 0.3505859375 0.5989583333333334 0.3759765625 0.58984375 0.39453125 0.58984375 0.4111328125 0.5729166666666666 0.439453125 0.5833333333333334 0.4619140625 0.5559895833333334 0.4775390625 0.5182291666666666 0.4736328125 0.5013020833333334 0.4619140625 0.4947916666666667 0.4560546875 0.4674479166666667 0.44921875 0.453125 0.4423828125 0.4479166666666667
0 0.60986328125 0.15625 0.59765625 0.16145833333333334 0.6005859375 0.17578125 0.59375 0.18098958333333334 0.57421875 0.17447916666666666 0.5498046875 0.17317708333333334 0.529296875 0.19010416666666666 0.4833984375 0.16927083333333334 0.4560546875 0.17447916666666666 0.4345703125 0.19140625 0.4140625 0.23958333333333334 0.4140625 0.2513020833333333 0.42578125 0.2604166666666667 0.4404296875 0.2864583333333333 0.4521484375 0.2890625 0.462890625 0.28515625 0.4873046875 0.2643229166666667 0.498046875 0.2682291666666667 0.51171875 0.2604166666666667 0.5146484375 0.24609375 0.529296875 0.2421875 0.5400390625 0.24479166666666666 0.5419921875 0.24869791666666666 0.5576171875 0.24609375 0.572265625 0.25 0.5810546875 0.24609375 0.5849609375 0.2552083333333333 0.5908203125 0.2526041666666667 0.59375 0.2565104166666667 0.595703125 0.26953125 0.6005859375 0.2734375 0.60546875 0.26953125 0.6123046875 0.2747395833333333 0.619140625 0.26953125 0.6240234375 0.2721354166666667 0.6328125 0.2643229166666667 0.6396484375 0.2682291666666667 0.6474609375 0.2643229166666667 0.6611328125 0.2760416666666667 0.66796875 0.2955729166666667 0.681640625 0.3033854166666667 0.7216796875 0.3177083333333333 0.734375 0.3111979166666667 0.736328125 0.3072916666666667 0.7333984375 0.2981770833333333 0.7158203125 0.25390625 0.67578125 0.22265625 0.65234375 0.18880208333333334 0.63671875 0.17838541666666666 0.6298828125 0.16666666666666666 0.615234375 0.15625
0 0.6611328125 0.296875 0.638671875 0.30078125 0.6259765625 0.30859375 0.6220703125 0.3151041666666667 0.6259765625 0.3333333333333333 0.6328125 0.33984375 0.63671875 0.3515625 0.646484375 0.3606770833333333 0.66015625 0.3645833333333333 0.671875 0.3567708333333333 0.6826171875 0.3567708333333333 0.685546875 0.3606770833333333 0.703125 0.3645833333333333 0.712890625 0.37109375 0.7119140625 0.3763020833333333 0.728515625 0.38671875 0.71875 0.3971354166666667 0.73046875 0.3893229166666667 0.75390625 0.4010416666666667 0.794921875 0.4010416666666667 0.806640625 0.3919270833333333 0.8115234375 0.3828125 0.80859375 0.3515625 0.7998046875 0.3411458333333333 0.740234375 0.328125 0.720703125 0.3216145833333333 0.7138671875 0.3138020833333333 0.7060546875 0.3151041666666667 0.666015625 0.296875
0 0.5 0.5546875 0.4833984375 0.5559895833333334 0.4677734375 0.5625 0.458984375 0.5768229166666666 0.4638671875 0.5963541666666666 0.48046875 0.609375 0.4970703125 0.6106770833333334 0.50390625 0.6028645833333334 0.51171875 0.6028645833333334 0.525390625 0.6184895833333334 0.5703125 0.6328125 0.57421875 0.6393229166666666 0.587890625 0.6471354166666666 0.60546875 0.65234375 0.6123046875 0.6484375 0.6142578125 0.62890625 0.607421875 0.6145833333333334 0.583984375 0.6119791666666666 0.560546875 0.58203125 0.521484375 0.5598958333333334 0.5048828125 0.5546875
0 0.087890625 0.23177083333333334 0.0810546875 0.23177083333333334 0.0634765625 0.24739583333333334 0.0634765625 0.2916666666666667 0.06640625 0.296875 0.076171875 0.3033854166666667 0.109375 0.30859375 0.119140625 0.3151041666666667 0.1376953125 0.31640625 0.154296875 0.3098958333333333 0.158203125 0.2877604166666667 0.1572265625 0.2682291666666667 0.154296875 0.25390625 0.1484375 0.24609375 0.134765625 0.23697916666666666 0.0947265625 0.23177083333333334
0 0.39306640625 0.3059895833333333 0.3720703125 0.3098958333333333 0.3525390625 0.3229166666666667 0.3486328125 0.3372395833333333 0.3525390625 0.3580729166666667 0.3447265625 0.3723958333333333 0.3310546875 0.3854166666666667 0.3330078125 0.3958333333333333 0.345703125 0.4036458333333333 0.3681640625 0.4283854166666667 0.37890625 0.4309895833333333 0.400390625 0.4309895833333333 0.4013671875 0.4114583333333333 0.4052734375 0.4049479166666667 0.4326171875 0.39453125 0.4443359375 0.3984375 0.4453125 0.4075520833333333 0.451171875 0.41796875 0.4619140625 0.4270833333333333 0.466796875 0.4231770833333333 0.46875 0.4283854166666667 0.4765625 0.4296875 0.4794921875 0.4244791666666667 0.4736328125 0.4205729166666667 0.4755859375 0.41796875 0.4833984375 0.4192708333333333 0.4814453125 0.42578125 0.4873046875 0.42578125 0.490234375 0.4166666666666667 0.4951171875 0.4192708333333333 0.5 0.4153645833333333 0.5029296875 0.39453125 0.4970703125 0.3854166666666667 0.4208984375 0.3684895833333333 0.416015625 0.3619791666666667 0.4130859375 0.3346354166666667 0.404296875 0.32421875 0.3994140625 0.3059895833333333
2 0.431640625 0.3984375 0.4052734375 0.40625 0.40234375 0.41015625 0.4033203125 0.4244791666666667 0.3994140625 0.43359375 0.376953125 0.43359375 0.376953125 0.4635416666666667 0.3798828125 0.4713541666666667 0.3857421875 0.47265625 0.4072265625 0.4635416666666667 0.4375 0.4453125 0.4501953125 0.44921875 0.4560546875 0.4622395833333333 0.4599609375 0.4596354166666667 0.4736328125 0.4322916666666667 0.455078125 0.4283854166666667 0.435546875 0.3984375
2 0.4150390625 0.5755208333333334 0.40625 0.578125 0.388671875 0.59765625 0.388671875 0.6783854166666666 0.392578125 0.6953125 0.400390625 0.7096354166666666 0.41015625 0.6927083333333334 0.4140625 0.6953125 0.4169921875 0.70703125 0.4248046875 0.69921875 0.423828125 0.6744791666666666 0.4287109375 0.66796875 0.423828125 0.6614583333333334 0.4267578125 0.6575520833333334 0.431640625 0.5846354166666666 0.4208984375 0.5755208333333334
2 0.29296875 0.5911458333333334 0.2890625 0.6028645833333334 0.2958984375 0.6588541666666666 0.3134765625 0.7486979166666666 0.322265625 0.77734375 0.349609375 0.8216145833333334 0.37890625 0.83203125 0.3994140625 0.8307291666666666 0.4013671875 0.828125 0.3896484375 0.8203125 0.37109375 0.7877604166666666 0.3603515625 0.7408854166666666 0.3642578125 0.6783854166666666 0.380859375 0.5950520833333334 0.373046875 0.5924479166666666 0.349609375 0.6067708333333334 0.3330078125 0.6067708333333334 0.2939453125 0.5911458333333334
2 0.09765625 0.30859375 0.099609375 0.4049479166666667 0.109375 0.4817708333333333 0.115234375 0.5052083333333334 0.1220703125 0.51171875 0.1259765625 0.5247395833333334 0.1337890625 0.53125 0.13671875 0.5286458333333334 0.13671875 0.5143229166666666 0.12890625 0.4908854166666667 0.1240234375 0.39453125 0.11328125 0.3671875 0.1142578125 0.3606770833333333 0.1259765625 0.34765625 0.130859375 0.3203125 0.1064453125 0.30859375
2 0.5478515625 0.25390625 0.5302734375 0.2643229166666667 0.51171875 0.265625 0.5146484375 0.2682291666666667 0.5107421875 0.2708333333333333 0.515625 0.3046875 0.51953125 0.3098958333333333 0.51171875 0.31640625 0.5126953125 0.3268229166666667 0.5068359375 0.3567708333333333 0.5048828125 0.4388020833333333 0.5107421875 0.5065104166666666 0.505859375 0.5338541666666666 0.5009765625 0.5364583333333334 0.5029296875 0.5403645833333334 0.5 0.5481770833333334 0.5458984375 0.5703125 0.5517578125 0.5611979166666666 0.5595703125 0.5299479166666666 0.5673828125 0.4739583333333333 0.5810546875 0.41796875 0.6005859375 0.3658854166666667 0.6005859375 0.359375 0.6103515625 0.3411458333333333 0.6123046875 0.32421875 0.6171875 0.3151041666666667 0.6171875 0.3098958333333333 0.609375 0.3033854166666667 0.609375 0.29296875 0.6064453125 0.2890625 0.6103515625 0.28515625 0.6044921875 0.2877604166666667 0.6064453125 0.2825520833333333 0.5947265625 0.27734375 0.5888671875 0.2630208333333333 0.5703125 0.2630208333333333 0.5673828125 0.2578125 0.5615234375 0.2591145833333333 0.5517578125 0.25390625
2 0.5078125 0.6028645833333334 0.5009765625 0.60546875 0.4921875 0.6158854166666666 0.4970703125 0.6263020833333334 0.498046875 0.6458333333333334 0.494140625 0.6575520833333334 0.4912109375 0.6979166666666666 0.470703125 0.7721354166666666 0.4697265625 0.7890625 0.4736328125 0.8020833333333334 0.4775390625 0.80859375 0.486328125 0.8125 0.4951171875 0.8046875 0.5146484375 0.7513020833333334 0.5361328125 0.7044270833333334 0.5498046875 0.68359375 0.5556640625 0.6458333333333334 0.5615234375 0.63671875 0.5595703125 0.6315104166666666 0.5224609375 0.6158854166666666 0.5087890625 0.6041666666666666
2 0.6748046875 0.359375 0.6611328125 0.3658854166666667 0.654296875 0.3736979166666667 0.6474609375 0.3919270833333333 0.626953125 0.4856770833333333 0.62109375 0.5182291666666666 0.6171875 0.5859375 0.61328125 0.6028645833333334 0.6181640625 0.640625 0.61328125 0.66796875 0.5986328125 0.6705729166666666 0.5966796875 0.68359375 0.603515625 0.6848958333333334 0.6083984375 0.6940104166666666 0.6181640625 0.6927083333333334 0.626953125 0.6861979166666666 0.65234375 0.65234375 0.6669921875 0.5989583333333334 0.6806640625 0.4973958333333333 0.701171875 0.4466145833333333 0.734375 0.3971354166666667 0.728515625 0.38671875 0.712890625 0.3723958333333333 0.708984375 0.3736979166666667 0.7021484375 0.3671875 0.677734375 0.359375